mascotte.jpg mascotte180.jpg
5 186
6 185
7 184
10 183
11 182
12 180
13 178
15 174
17 280
19 170
20 168
23 167
25 165
26 164
27 162
28 161
30 157
31 156
32 155
35 153
36 152
37 151
38 150
39 149
44 146
46 145
47 144
48 143
55 142
56 141
57 138
59 137
60 136
61 135
65 132
66 131
67 129
69 128
70 127
72 124
73 122
75 119
78 113
79 111
80 112
82 109
87 108
90 104
91 103
92 101
93 102
94 100
96 98
97 96
98 97
103 91
105 90
106 89
108 88
109 87
110 86
111 84
112 83
113 82
114 78
115 79
117 74
118 75
119 73
120 71
121 72
122 68
124 64
125 63
126 62
127 59
128 57
129 58
134 56
135 54
136 55
137 51
138 217
140 48
141 46
142 45
143 44
144 39
148 35
151 30
152 29
153 28
154 23
155 24
157 203
158 201
159 22
161 19
162 18
164 17
166 14
167 13
168 12
170 9
171 6
172 3
173 4
174 2
176 294
178 290
179 291
180 366
182 289
183 288
184 287
185 285
186 181
187 283
188 282
189 281
190 279
191 278
192 277
193 276
194 275
195 274
196 273
197 272
198 271
200 270
201 267
202 266
203 265
204 139
205 134
206 262
207 260
208 261
209 258
210 256
211 257
212 255
213 253
216 252
217 251
219 250
220 110
221 249
223 248
227 246
228 99
229 244
230 328
231 94
232 243
233 242
234 241
235 240
236 237
237 238
238 236
239 235
240 234
241 233
242 232
247 226
249 224
250 225
251 222
253 221
254 220
255 218
256 219
257 216
258 214
259 213
260 211
261 42
262 210
263 40
264 209
265 208
266 207
269 205
270 204
271 200
272 199
273 196
274 195
275 192
276 191
279 190
280 365
281 364
283 362
284 361
285 360
286 359
287 356
288 355
289 354
290 353
291 352
292 351
293 349
294 350
295 348
296 347
297 346
298 345
299 343
300 344
301 342
303 341
304 340
305 339
307 338
308 337
309 335
310 334
311 333
312 332
313 330
314 329
315 331
316 327
317 326
318 325
319 323
320 324
321 322
322 320
323 319
324 318
325 317
326 316
327 314
329 312
330 310
331 311
332 308
333 307
334 306
335 305
336 302
337 301
339 300
341 371
342 298
343 299
344 297
345 296
346 295
347 410
349 409
350 408
351 407
352 406
353 405
354 404
355 403
356 402
357 401
358 400
359 399
360 398
361 396
362 397
363 395
365 394
367 393
368 390
369 391
370 389
371 388
372 386
373 384
374 385
375 381
377 378
379 377
380 376
381 375
382 413
383 374
384 373
385 372
386 370
387 369
389 368
390 367
391 459
392 458
393 456
394 457
395 454
396 455
397 453
398 452
399 451
400 450
401 449
402 447
403 448
404 445
405 446
406 444
407 443
408 442
409 441
410 439
411 440
413 437
414 438
415 436
416 435
417 434
419 433
420 431
421 432
422 430
423 429
424 428
425 427
427 426
428 425
429 424
430 423
431 422
432 421
433 420
434 419
435 418
436 416
437 415
438 414
440 412
441 493
442 492
443 491
444 490
445 489
446 487
447 488
448 486
449 484
450 485
451 483
452 482
453 480
454 481
455 479
456 478
457 477
458 476
459 475
460 474
461 472
462 471
463 470
464 469
465 467
466 468
467 466
468 465
469 464
470 463
471 461
472 460
473 504
474 503
475 502
477 473
478 500
479 499
480 505
481 496
482 494
483 510
484 508
485 507
486 509
487 516
488 514
489 515
490 511
491 512
493 517
494 523
495 522
496 520
497 521
498 519
499 518
500 527
501 528
502 526
504 524
505 525
506 530
507 529
508 531
509 533
510 532


