001_009_145000282.jpg 001_010_145000281.jpg
59 6034
195 11
196 16
201 153
202 1822
203 51
204 50
212 32
213 64
214 40
217 89
220 63
221 78
223 58
224 36
229 76
233 0
237 17
238 4
242 53
243 69
251 3
252 2
258 165
262 151
263 176
270 164
272 12
273 156
279 120
280 134
281 41
284 52
285 152
290 177
296 1479
299 119
301 1
309 184
314 73
315 28
317 180
319 5
323 181
324 107
328 31
329 27
330 96
331 145
333 1032
335 26
338 162
340 175
341 72
342 166
343 167
345 174
346 19
348 10
349 68
354 14
357 114
363 155
367 139
368 136
380 125
386 255
390 15
397 218
399 6
402 189
409 253
416 20
417 38
423 251
424 97
428 222
430 361
432 272
434 123
436 219
438 110
448 29
456 137
457 231
462 211
466 90
474 332
475 339
480 132
492 230
494 358
498 7
507 334
508 333
516 102
535 285
550 276
551 275
561 268
565 261
571 318
572 225
574 319
576 519
579 472
580 459
587 399
588 479
589 458
590 206
591 511
595 221
597 516
598 526
599 429
601 461
602 422
604 460
605 482
606 486
614 523
616 203
618 357
620 514
622 412
624 495
627 326
636 355
640 438
645 437
648 205
649 241
650 386
652 394
653 454
662 447
667 427
671 315
672 493
675 406
679 507
684 418
685 384
688 425
690 444
692 420
693 477
700 423
701 424
703 381
704 543
714 551
717 481
719 390
727 557
729 553
732 547
733 465
735 335
751 242
769 693
772 671
782 585
784 649
788 571
797 618
806 651
810 733
814 595
815 593
820 637
822 654
830 656
843 658
848 577
852 642
853 728
854 719
855 727
860 451
862 694
866 608
867 710
868 613
872 583
873 615
874 604
882 497
887 661
893 758
900 700
902 726
903 578
904 589
906 522
950 717
952 797
957 870
958 856
962 724
964 862
965 860
966 803
970 652
971 800
975 866
976 639
977 668
979 741
980 752
983 775
986 643
987 808
990 750
994 620
995 657
996 588
997 872
1001 858
1002 855
1004 838
1005 827
1006 580
1010 737
1011 655
1016 835
1017 830
1022 645
1026 771
1027 832
1028 641
1029 638
1031 680
1033 675
1035 718
1038 666
1039 713
1040 670
1042 669
1043 682
1045 891
1048 822
1049 783
1054 836
1055 821
1057 786
1059 792
1069 831
1071 698
1073 739
1075 631
1076 735
1077 794
1082 814
1083 887
1088 839
1091 871
1092 847
1093 863
1094 857
1096 817
1099 876
1106 732
1109 573
1111 828
1115 625
1116 622
1119 765
1120 590
1122 736
1129 606
1130 619
1132 766
1133 921
1138 888
1139 889
1333 1280
1335 1254
1339 1151
1342 1302
1369 1243
1370 1317
1371 1196
1373 1194
1392 1329
1394 1175
1402 1308
1403 1192
1407 1182
1410 1208
1411 1162
1416 1205
1417 1309
1430 1241
1434 1155
1438 1149
1441 1221
1443 1144
1448 1229
1458 1284
1459 1227
1460 1223
1471 1239
1482 1231
1483 1222
1493 1323
1495 1270
1496 1268
1498 1269
1500 1290
1501 1283
1505 1147
1522 1392
1526 1164
1531 1426
1535 1253
1539 1177
1540 1374
1544 1365
1545 1519
1552 1210
1553 1375
1558 1334
1559 1420
1564 1356
1572 1193
1573 1173
1574 1508
1575 1367
1581 1185
1584 1199
1585 1202
1587 1402
1589 1327
1591 1376
1592 1382
1600 1278
1603 1476
1608 1159
1610 1397
1614 1414
1618 1410
1621 1415
1625 1247
1627 1220
1629 1157
1630 1425
1631 1453
1640 1304
1641 1282
1646 1316
1651 1461
1654 1460
1663 1452
1666 1201
1672 1313
1673 1446
1676 1265
1677 1463
1682 1300
1684 1296
1688 1286
1693 1468
1697 1257
1699 1411
1702 1299
1713 1572
1715 1565
1721 1533
1722 1551
1727 1343
1728 1346
1731 1409
1739 1688
1740 1342
1747 1560
1753 1542
1759 1421
1768 1698
1772 1578
1775 1340
1777 1556
1783 1666
1793 1637
1796 1647
1799 1385
1800 1536
1801 1626
1805 1620
1807 1386
1821 1586
1829 1436
1830 1389
1836 1593
1841 1668
1844 1483
1846 1655
1847 1482
1850 1690
1855 1654
1862 1617
1864 1632
1866 1456
1870 1485
1872 1588
1873 1603
1875 1484
1886 1504
1889 1503
1892 1679
1894 1474
1895 1475
1898 1490
1900 1708
1909 1856
1912 1878
1918 1889
1920 1701
1933 1751
1936 1729
1939 1707
1941 1860
1942 1847
1944 1859
1948 1758
1950 1574
1952 1804
1955 1652
1957 1812
1958 1803
1961 1778
1967 1777
1972 1817
1974 1848
1978 1837
1979 1709
1985 1864
1993 1826
1995 1825
2014 1853
2016 1596
2023 1752
2039 1815
2041 1559
2043 1876
2048 1886
2049 1828
2050 1602
2056 1743
2058 1747
2061 1727
2068 1733
2069 1890
2073 1855
2090 1739
2093 1818
2100 1820
2101 1867
2107 1916
2108 1977
2109 1819
2111 1726
2115 1731
2116 1763
2117 1806
2121 1831
2128 1913
2129 1827
2136 2023
2137 1805
2138 1802
2142 1912
2143 1910
2144 1716
2145 1950
2146 1785
2147 1845
2148 1996
2149 2005
2151 1980
2155 1866
2159 1800
2161 1906
2165 1809
2166 1713
2167 1908
2168 1914
2172 1807
2177 1782
2178 1750
2180 1963
2181 1954
2183 1796
2185 1749
2186 1862
2190 1835
2191 1834
2193 1949
2194 1966
2195 1759
2198 1931
2199 1767
2206 2058
2210 1902
2212 1970
2213 2046
2214 1784
2222 2072
2225 1904
2232 2026
2233 1772
2238 2052
2242 1934
2243 2027
2245 1833
2246 1899
2252 1798
2254 1766
2256 1790
2258 2035
2263 2033
2266 1824
2476 2361
2487 2284
2488 2362
2493 2286
2495 2332
2515 2448
2532 2326
2564 2339
2568 2380
2604 2990
2619 2357
2678 2552
2683 2464
2688 2594
2696 2377
2702 2471
2706 2356
2712 2575
2714 2370
2715 2373
2720 2296
2723 2292
2727 2469
2736 2429
2737 2553
2739 2468
2740 2431
2765 2523
2780 2487
2783 2636
2791 2456
2795 2506
2796 2536
2801 2533
2814 2519
2851 2738
2852 2720
2856 2565
2858 2535
2859 2675
2867 2517
2871 2593
2876 2711
2879 2746
2882 2706
2894 2532
2898 2721
2901 2771
2905 2578
2907 2717
2909 2689
2917 2690
2919 2750
2921 2748
2930 2540
2931 2677
2934 2712
2936 2509
2940 2514
2954 2809
2958 2789
2960 2611
2966 2692
2977 2527
2981 2557
2983 2676
2986 2603
2991 2596
2996 2683
3015 2773
3016 2774
3018 2744
3020 2470
3022 2595
3029 2531
3030 2529
3033 2657
3043 2793
3044 2780
3050 2693
3052 3036
3054 2877
3055 2878
3065 2982
3066 2698
3067 2980
3069 2935
3073 2966
3074 2899
3075 2908
3076 3007
3077 2710
3078 3023
3079 2960
3080 2713
3087 2859
3089 2889
3092 3002
3093 2998
3095 2932
3097 2697
3099 2931
3100 2823
3112 2743
3114 2930
3116 3038
3118 3037
3120 2864
3124 2885
3127 2668
3133 2702
3134 2861
3140 2869
3141 2916
3146 2764
3147 2948
3151 2955
3156 2790
3172 3025
3175 2996
3177 2965
3180 2971
3191 2994
3198 2802
3227 3020
3239 695
3249 2926
3251 3092
3254 3077
3263 3173
3281 3120
3282 3089
3285 2886
3290 3138
3301 3084
3303 2906
3305 2910
3306 2943
3307 2942
3308 3216
3311 2022
3312 3200
3315 3154
3317 2919
3320 2873
3321 2892
3322 3061
3324 3096
3325 2900
3330 2922
3332 3201
3338 2851
3341 2874
3373 2989
3387 3026
3389 2937
3394 2973
3395 3158
3417 2962
3611 3508
3612 3424
3615 3460
3630 3420
3644 3478
3651 3487
3656 3438
3683 3472
3685 3451
3696 3476
3707 3459
3712 3502
3723 3513
3770 3452
3772 3450
3778 3560
3796 3578
3797 3445
3798 3447
3799 3531
3803 3514
3805 3520
3811 3527
3818 3617
3821 3712
3822 3547
3823 3708
3824 3614
3825 3719
3826 3549
3835 3526
3839 3470
3844 3481
3846 3676
3850 4718
3860 3644
3880 3793
3881 3782
3894 3792
3898 3695
3903 3736
3916 3454
3923 3493
3932 4725
3970 4822
3972 3756
3974 3564
3975 3561
3980 3604
3984 3603
3990 3697
3991 3895
3992 3893
4019 3877
4022 3883
4028 3892
4029 3613
4030 3731
4031 3720
4033 3943
4041 3808
4047 3692
4048 3700
4050 3853
4055 3689
4056 3688
4059 3864
4062 3865
4067 3854
4069 3802
4093 3945
4189 3884
4201 4048
4231 4023
4233 3937
4239 3834
4243 4152
4273 3841
4274 3857
4281 4004
4282 3881
4287 5236
4299 3932
4307 3890
4315 3875
4316 3862
4317 3888
4322 3820
4324 3908
4333 3927
4344 3902
4380 3999
4383 4103
4385 4063
4403 4219
4404 4035
4405 4005
4406 4000
4409 4057
4410 4026
4411 4098
4415 4125
4419 4462
4422 4091
4423 4025
4435 4313
4449 4088
4459 4028
4473 4148
4475 4179
4494 4182
4499 4199
4514 6237
4533 4154
4551 4355
4555 4001
4581 748
4742 2213
4760 4586
4764 4580
4770 4745
4784 4572
4790 4681
4793 4674
4794 4676
4835 4622
4845 4616
4846 4608
4849 4613
4850 4612
4856 4582
4903 4703
4913 4729
4914 4579
4928 4726
4941 4562
4942 4828
4943 4872
4945 4597
4951 4629
4954 4880
4956 4230
4962 4663
4964 4678
4967 4798
4972 4578
4973 4677
4975 4691
4980 4633
4982 4631
4985 4621
4989 4595
4994 4851
4999 4666
5002 4792
5003 4670
5006 4736
5007 4737
5009 4634
5013 4600
5017 4844
5019 4738
5020 4890
5022 4765
5025 4705
5027 4804
5033 4602
5041 4879
5051 4683
5054 4640
5060 4931
5064 4932
5065 4655
5072 4929
5074 4930
5075 4870
5080 4866
5088 4933
5094 4926
5099 4743
5130 4784
5136 4902
5137 6736
5140 4953
5144 4838
5145 4998
5146 4786
5147 4793
5152 4850
5156 4781
5158 5001
5161 4823
5165 1245
5167 4874
5168 4975
5170 4837
5172 4813
5173 5010
5177 4950
5178 4830
5179 5015
5180 5017
5182 4845
5184 5018
5190 4915
5191 4914
5194 4923
5197 4922
5201 4857
5217 4936
5219 5100
5226 4962
5237 4847
5241 4905
5246 5107
5248 5087
5250 5106
5257 4882
5263 5013
5267 5056
5276 4528
5277 5089
5281 4934
5297 5108
5302 5086
5308 4871
5312 5063
5313 5046
5322 5191
5349 5021
5350 5141
5353 5137
5355 5230
5366 4973
5375 5168
5376 4958
5379 4972
5380 5025
5384 5274
5399 5058
5413 5277
5417 4993
5419 5061
5421 5004
5428 5122
5439 4965
5446 5000
5460 4942
5464 5037
5469 5248
5515 5164
5521 5142
5533 5179
5536 5158
5544 5173
5546 5135
5550 5394
5554 5199
5555 5203
5559 5231
5560 5165
5568 5237
5569 5244
5578 5181
5584 5202
5585 5132
5586 5222
5587 5148
5591 5255
5595 5188
5599 5258
5606 5224
5607 5317
5625 5302
5627 5265
5638 5391
5640 5261
5654 5291
5655 5260
5658 5294
5664 5280
5669 5201
5693 5316
5769 369
5887 6728
6083 5956
6084 5895
6092 5773
6097 5961
6119 5703
6124 6023
6131 5962
6145 6039
6155 1287
6157 5965
6161 5720
6162 5719
6166 6037
6189 5751
6190 5732
6193 5745
6195 5723
6197 5816
6201 5709
6208 5798
6233 5746
6258 5735
6262 5797
6276 5980
6283 6107
6284 6144
6307 6007
6317 5908
6325 5931
6332 5992
6348 5949
6357 5924
6363 5905
6370 6185
6372 6226
6375 6156
6376 6202
6400 6192
6404 6191
6406 6194
6430 6006
6431 5983
6433 7297
6464 6368
6467 3276
6468 6364
6476 6285
6483 6309
6489 6270
6495 6330
6497 6332
6498 6331
6499 6100
6502 6140
6510 6088
6513 6142
6516 6233
6523 6147
6526 6106
6533 6313
6538 6157
6545 6179
6546 6172
6547 6314
6551 6299
6555 6187
6557 6129
6568 6300
6573 6110
6585 6357
6587 6122
6588 6117
6594 6167
6595 6199
6600 6124
6601 6418
6604 6171
6612 6133
6616 6210
6622 6228
6624 6174
6631 6265
6632 6264
6641 6431
6649 6246
6683 6559
6685 6478
6686 6422
6689 6594
6690 6516
6691 6517
6696 6349
6700 6381
6704 6379
6707 6346
6708 6588
6719 6306
6723 6363
6730 6404
6737 6448
6738 6477
6740 6389
6744 6311
6747 6454
6751 6412
6752 6408
6754 6452
6755 6473
6758 6581
6759 6429
6767 6376
6796 6392
6797 6565
6803 6398
6808 6430
6817 6638
6828 3327
6851 6670
6891 6695
6959 3978
6986 829
7109 6977
7148 6371
7220 6843
7229 6860
7233 6872
7236 6930
7237 7068
7238 6932
7239 6904
7241 6890
7242 6844
7245 7104
7253 6849
7254 7074
7261 7076
7264 6868
7268 6950
7269 7105
7271 7101
7281 6918
7284 7123
7288 6945
7292 6876
7295 6957
7301 6852
7302 6943
7308 6984
7311 6998
7314 7010
7317 6848
7318 6919
7319 7091
7320 6929
7322 6902
7323 6894
7325 7014
7327 6985
7330 6949
7334 6931
7335 6869
7346 7001
7349 6915
7354 6892
7356 7025
7357 6884
7363 7215
7366 7184
7370 6962
7371 7185
7380 6963
7382 6971
7399 6882
7407 7016
7408 7018
7409 7017
7410 7053
7411 7311
7414 7150
7415 7197
7416 7151
7417 7203
7424 7200
7430 7039
7433 7096
7434 7092
7439 7107
7448 7247
7450 7280
7451 7046
7460 7192
7461 7132
7462 7118
7469 7154
7470 7148
7484 7043
7490 7099
7491 7206
7495 7061
7496 7077
7506 7202
7509 7062
7510 7065
7512 7359
7514 7146
7521 7041
7523 7108
7543 7386
7544 7387
7563 7111
7572 7328
7574 7332
7581 7339
7582 7341
7584 7327
7588 7188
7602 7333
7606 7490
7610 7306
7611 7439
7612 7424
7617 7259
7618 7226
7620 7268
7623 7295
7624 7255
7625 7305
7626 7261
7630 7235
7638 7318
7641 7301
7646 7271
7648 7335
7649 7512
7651 7351
7653 7385
7665 7276
7671 7358
7675 7250
7676 7220
7681 7241
7685 7406
7688 7369
7690 7330
7694 7376
7695 7240
7696 7304
7703 7518
7704 7445
7707 7375
7708 7377
7713 7343
7715 7362
7718 7285
7725 7234
7726 7229
7728 7398
7735 7308
7742 7542
7748 7354
7759 7244
7760 7303
7761 7242
7763 7245
7764 7401
7765 7222
7766 7224
7770 7494
7797 7476
7799 7472
7800 7783
7810 7410
7811 7426
7814 7415
7820 7454
7822 7433
7824 7465
7835 7561
7839 7507
7840 7565
7843 7513
7848 7574
7851 7475
7852 7455
7858 7458
7865 7541
7869 7511
7876 7423
7881 7570
7885 7461
7886 7502
7888 7487
7892 7582
7893 7491
7897 7469
7898 7537
7899 7523
7900 7488
7905 7555
7913 7531
7916 7543
7926 7448
7927 7579
7961 7576


001_009_145000282.jpg 001_011_145000280.jpg
430 1966
507 157
508 171
535 108
565 121
572 132
588 38
589 43
590 49
599 301
602 64
604 210
618 85
619 94
622 18
636 89
643 24
645 225
649 35
653 110
662 343
670 354
681 364
684 318
685 350
690 371
699 147
716 682
725 378
726 300
733 305
736 369
763 509
784 506
805 420
806 551
810 421
815 491
832 498
839 391
848 537
854 515
860 215
862 525
866 526
882 346
900 287
906 308
950 507
952 455
961 672
965 447
971 623
976 398
977 547
981 390
982 544
986 419
987 699
988 429
990 516
996 431
1005 610
1009 505
1014 478
1020 387
1022 432
1035 518
1040 452
1042 482
1055 627
1062 593
1063 580
1069 581
1071 430
1075 512
1092 597
1095 466
1099 625
1104 675
1111 538
1115 407
1296 1552
1339 706
1446 2996
1522 1226
1531 1218
1541 3477
1544 1224
1559 1182
1591 1173
1592 1174
1614 1278
1618 1240
1621 1277
1630 1329
1654 1271
1663 6092
1699 1193
1721 1439
1722 1436
1772 1427
1775 1160
1783 1512
1785 1852
1798 1210
1817 1151
1830 1309
1841 1473
1843 1200
1846 1431
1850 1396
1909 1593
1913 1615
1920 1462
1933 1631
1941 1421
1942 1638
1944 1636
1948 1603
1952 1437
1956 1494
1958 1438
1961 1331
1966 1675
1974 1642
1995 1587
1998 1484
1999 1553
2006 1676
2014 1551
2016 1441
2020 1409
2039 1540
2040 1369
2046 1482
2047 1480
2049 1621
2056 1375
2061 1413
2065 1414
2097 1656
2100 1658
2109 1657
2111 1554
2117 1548
2136 1795
2137 1550
2146 1536
2147 1620
2153 1634
2155 1520
2167 1807
2177 1584
2186 1629
2191 1588
2198 1736
2206 1567
2214 1685
2233 1651
2256 1563
2258 1859
2678 731
2687 6874
2867 2289
2882 2346
3029 2396
3064 2479
3066 2574
3067 2477
3072 1811
3073 2542
3075 2484
3077 2475
3078 2625
3090 200
3092 2514
3097 2565
3100 2631
3102 2613
3110 2536
3114 2557
3120 2517
3124 2572
3127 2509
3134 2524
3160 2513
3163 2593
3180 2805
3183 2515
3230 2690
3238 2798
3254 2700
3257 2704
3263 2861
3276 2933
3306 2759
3308 2946
3311 1672
3315 2931
3325 2708
3332 2853
3371 2730
3377 2723
3378 2725
3380 280
3389 2664
3395 1180
3417 2829
3613 6518
3740 1683
3860 3516
4028 7221
4047 3453
4067 3420
4151 6401
4231 4824
4281 3632
4286 3709
4322 3676
4380 3930
4383 3906
4405 3958
4438 1469
4479 92
4487 3953
4489 3989
4555 3961
4618 5608
4785 6744
4829 475
5133 4617
5138 4614
5161 4606
5173 4681
5178 4625
5186 4613
5194 4698
5197 4709
5321 4872
5355 4806
5366 4813
5375 4781
5380 4663
5384 4867
5438 4787
5507 4919
5515 5094
5518 5023
5536 5092
5550 5087
5553 4955
5581 3621
5598 5022
5599 5106
5615 5031
5627 5124
5630 5070
5631 5064
5634 4901
5654 5075
5658 5076
5669 4963
5675 4956
5767 4756
5812 6575
5955 21
5957 19
5996 7019
6099 3033
6145 6055
6149 6066
6225 3871
6298 2227
6355 5801
6410 3223
6464 5937
6497 5973
6524 5923
6568 5963
6573 6003
6576 5978
6588 5930
6615 5879
6685 6239
6719 6213
6740 6004
6744 6000
6757 6151
6768 6080
6803 6180
6851 6343
6854 2520
6962 6958
6986 572
7069 947
7076 7608
7186 6420
7218 6413
7221 6208
7240 554
7347 1748
7385 6423
7508 1917
7512 7664
7517 1916
7581 6885
7582 6856
7584 6925
7610 6920
7625 6909
7630 6873
7644 6871
7666 6979
7688 6993
7703 7090
7704 7113
7728 7171
7731 7188
7754 7021
7757 7020
7759 7016
7764 6948
7770 7100
7773 7139
7795 5377
7797 7347
7810 7345
7811 7070
7814 7324
7852 7326
7865 7136
7896 7621
7899 7048
7916 7122
7930 7152
7935 7368


001_010_145000281.jpg 001_011_145000280.jpg
171 7181
197 76
203 52
206 49
221 87
223 69
225 132
227 147
235 70
241 35
245 31
248 72
250 136
255 106
259 77
261 121
262 25
272 71
277 99
281 114
283 120
285 108
289 41
297 75
301 7
303 141
311 20
315 143
320 113
333 171
334 157
342 140
345 139
347 137
348 97
356 73
376 176
380 40
383 14
384 350
395 352
405 8
412 18
413 296
417 11
418 318
420 292
422 64
427 307
429 301
433 236
437 225
439 310
441 13
444 371
446 48
447 343
450 23
451 215
454 110
458 43
460 210
462 192
464 227
465 305
466 27
467 32
470 281
472 240
474 275
482 22
486 51
490 244
493 247
494 203
497 346
511 221
512 332
517 368
519 324
522 308
526 276
527 360
528 257
534 165
536 312
547 326
551 209
556 306
559 103
561 211
563 374
575 559
576 553
577 537
578 467
579 493
580 384
588 431
589 453
590 409
593 491
595 529
602 445
604 459
607 548
608 526
610 549
614 396
617 497
618 408
625 407
631 512
633 430
636 472
638 416
639 398
640 569
641 388
642 560
643 419
649 506
651 551
655 402
656 489
657 401
659 427
662 487
663 432
664 424
668 547
669 482
670 452
672 488
675 446
677 535
688 486
694 525
696 532
697 425
700 287
701 415
711 479
717 507
718 518
719 515
721 473
724 469
725 503
726 552
727 218
729 520
733 421
739 3160
743 563
744 564
750 516
768 635
771 576
777 630
779 712
781 629
782 677
785 656
786 561
788 588
793 562
797 455
800 623
803 622
804 510
806 620
807 589
808 699
810 574
814 585
817 632
819 673
821 627
822 626
827 610
828 538
829 572
831 581
832 514
835 517
836 744
837 713
838 611
839 586
840 662
841 669
847 597
849 571
854 674
856 476
857 483
859 659
860 447
870 695
874 524
875 573
876 625
877 381
878 603
879 608
880 628
887 621
888 645
891 599
898 754
903 683
910 718
916 688
917 690
923 633
930 755
940 703
946 651
947 743
948 658
956 762
957 649
958 812
963 769
965 804
967 843
968 832
974 861
982 833
988 770
990 765
991 646
992 786
993 789
999 820
1002 800
1005 583
1006 582
1007 600
1009 815
1011 785
1013 824
1014 828
1015 816
1022 774
1027 594
1029 592
1031 596
1032 595
1036 787
1041 803
1043 888
1046 914
1047 870
1048 763
1050 764
1051 640
1055 900
1056 931
1057 881
1060 887
1063 798
1064 896
1069 941
1070 857
1072 866
1075 709
1076 864
1078 902
1079 844
1095 767
1096 891
1100 841
1105 783
1107 856
1111 905
1119 906
1129 917
1133 915
1135 880
1332 1261
1333 1263
1334 1322
1335 1242
1338 1153
1340 1160
1342 1204
1351 1243
1352 1205
1354 1298
1355 1222
1357 1324
1358 1208
1361 1325
1362 1207
1365 1224
1366 1281
1370 1227
1376 1173
1382 1174
1384 1230
1385 1233
1386 1270
1387 1310
1389 1309
1392 1226
1394 1161
1395 1181
1405 1177
1406 1179
1407 1168
1410 1240
1411 1193
1413 1169
1414 1278
1415 1277
1418 1144
1420 1182
1425 1329
1426 1218
1427 1158
1432 1247
1433 1254
1434 1285
1435 1307
1440 1249
1451 1304
1454 1303
1460 1271
1478 1302
1479 1289
1505 1315
1510 3954
1520 1494
1523 1350
1525 1332
1526 1333
1527 1334
1530 1392
1533 1439
1536 1460
1537 1450
1543 1448
1544 1385
1545 1349
1546 1445
1547 1356
1548 1363
1551 1436
1554 1354
1557 1513
1560 1420
1562 1449
1564 1502
1566 1405
1578 1427
1581 1380
1582 1399
1586 1377
1589 1378
1594 1410
1596 1441
1597 1345
1601 1343
1602 1367
1605 1361
1609 1352
1610 1403
1612 1430
1613 1412
1618 1171
1620 1172
1621 1159
1625 1346
1627 1479
1628 1483
1632 1330
1639 1466
1642 1340
1645 1347
1647 1402
1648 1486
1650 1339
1655 1431
1658 1426
1659 1296
1660 1294
1666 1512
1668 1473
1679 1468
1682 1145
1690 1396
1695 1481
1699 1474
1700 1459
1701 1462
1705 1265
1706 1508
1713 1632
1714 1694
1715 1539
1721 1577
1722 1562
1726 1554
1727 1413
1728 1423
1736 1604
1739 1542
1743 1375
1745 1543
1751 1631
1752 1560
1753 1574
1755 1571
1756 1602
1758 1603
1772 1651
1773 1652
1778 1331
1779 1648
1781 1570
1782 1584
1783 1687
1784 1685
1785 1536
1787 1693
1790 1563
1792 1622
1793 1578
1803 1438
1804 1437
1805 1550
1806 1548
1809 1532
1810 1596
1814 1709
1815 1540
1819 1657
1820 1658
1821 1677
1822 1679
1825 1587
1829 1527
1834 1588
1843 1561
1845 1620
1846 1666
1847 1638
1848 1642
1849 1549
1853 1551
1856 1593
1859 1636
1860 1421
1862 1629
1864 1597
1866 1520
1868 1645
1888 1665
1895 1515
1896 1516
1897 947
1903 1830
1904 1547
1908 1807
1913 1610
1914 1806
1918 2852
1920 2851
1925 1788
1931 1736
1934 1659
1940 1791
1941 1724
1942 1730
1944 1600
1949 1874
1950 1606
1957 1836
1967 1716
1970 1853
1973 1769
1975 1805
1977 1559
1991 1757
1997 1820
2000 1749
2001 1781
2003 2987
2009 1838
2011 1863
2017 2875
2022 1672
2023 1795
2024 1592
2027 1858
2029 2981
2033 1614
2034 1862
2035 1859
2038 1876
2040 1837
2044 1611
2045 1617
2047 1771
2049 1815
2050 1891
2052 1850
2057 1847
2058 1567
2060 1860
2062 1744
2067 1734
2068 1843
2080 1866
2090 1957
2100 3186
2110 1948
2113 1989
2116 2014
2118 1981
2124 1822
2125 1811
2126 1839
2133 1879
2135 2056
2146 2013
2152 1944
2160 1950
2164 2061
2166 2059
2176 2018
2178 1978
2179 1929
2181 1801
2191 1927
2193 1842
2194 1930
2195 2047
2198 1952
2204 1954
2207 2043
2208 1922
2209 2008
2210 2046
2219 1919
2220 2038
2221 1906
2222 1995
2223 1996
2229 1969
2234 2066
2235 2044
2242 1732
2245 1998
2246 1991
2254 2051
2259 1729
2274 2078
2275 2079
2471 2445
2506 2454
2509 2365
2513 2366
2517 2289
2529 2392
2531 2396
2536 2325
2540 2403
2542 2290
2552 731
2588 2373
2589 2468
2590 2367
2592 2467
2597 2425
2605 2421
2613 2353
2619 2398
2664 2311
2668 2509
2682 2358
2683 2451
2687 2417
2689 2301
2692 2439
2696 2348
2697 2565
2698 2574
2706 2346
2710 2475
2715 2506
2720 2355
2726 2555
2727 2306
2732 2577
2738 2380
2739 2399
2764 2650
2798 2452
2799 2413
2801 2414
2823 2631
2851 2681
2853 2544
2855 2707
2856 2702
2858 2486
2861 2524
2864 2517
2866 2676
2867 2510
2873 2669
2874 2712
2878 2492
2882 2553
2884 2704
2885 2572
2886 2672
2891 2783
2893 2666
2895 2690
2896 2797
2900 2685
2908 2484
2911 2780
2913 2785
2914 2778
2918 2674
2920 2713
2922 2788
2930 2557
2932 2538
2936 2737
2937 2664
2941 2683
2947 2787
2948 2478
2949 2673
2951 2794
2952 2694
2957 2630
2960 2571
2961 2671
2962 2829
2964 2480
2965 2817
2966 2542
2970 2820
2971 2805
2973 2795
2978 2528
2980 2477
2987 2554
2988 2551
2992 2611
2993 2609
2995 2582
2998 2508
3002 2514
3004 2821
3005 2789
3006 2724
3007 2608
3010 2751
3015 2632
3017 2726
3023 2625
3026 2814
3031 2768
3036 2641
3040 2716
3043 3012
3047 2868
3065 2727
3069 2927
3071 2905
3073 2925
3076 2699
3080 2909
3082 2912
3088 2890
3090 2932
3092 2920
3093 2883
3094 2871
3098 2864
3101 2926
3104 2893
3105 2850
3108 2918
3109 2913
3110 2892
3111 2874
3115 2902
3117 2907
3120 2715
3121 2869
3122 2863
3124 2980
3125 2866
3128 2881
3131 3027
3135 2837
3136 2924
3138 3022
3141 2839
3149 3025
3153 1180
3154 2931
3157 3038
3162 2957
3165 3011
3166 3010
3170 3028
3173 2861
3175 2990
3177 2942
3179 2940
3180 3034
3182 2954
3188 2934
3193 2740
3194 2738
3195 3021
3199 2953
3201 2853
3202 2854
3203 2755
3208 2965
3209 2855
3216 2946
3218 2971
3219 2972
3222 2758
3223 2800
3225 2834
3232 3102
3236 3065
3238 3071
3241 3100
3243 3183
3245 3134
3260 3096
3262 3086
3263 3075
3272 3151
3273 3146
3286 3106
3287 3104
3289 3082
3291 3053
3303 3103
3304 3111
3306 3087
3307 3155
3310 3041
3312 3063
3318 2984
3319 2986
3320 2988
3324 3124
3327 3050
3332 9
3337 2977
3339 3058
3350 3204
3355 3180
3370 3070
3375 3158
3376 3209
3377 3019
3378 3017
3381 3219
3383 3220
3385 3229
3387 3033
3400 3200
3409 3118
3411 2885
3412 3138
3437 5419
3545 6546
3621 3425
3625 3435
3644 3516
3649 3447
3675 6334
3677 6333
3679 3571
3692 3453
3716 7587
3726 3470
3744 2642
3758 3557
3817 3673
3820 3676
3835 3692
3837 3586
3854 3420
3879 3551
3887 3695
3888 3672
3890 3778
3894 3693
3915 6459
3946 3787
3994 3807
3995 3805
3999 3930
4001 3961
4004 3632
4010 4822
4021 3831
4023 4824
4050 3803
4052 3853
4057 3870
4063 3820
4066 3683
4078 3811
4082 3901
4092 3687
4103 3906
4106 3948
4120 3917
4140 3663
4162 3699
4169 3665
4200 3905
4210 4006
4224 3896
4233 4064
4246 4105
4292 4117
4371 4191
4373 4253
4379 4292
4396 4184
4398 4245
4403 4122
4409 4225
4410 4212
4429 4059
4439 4246
4444 4065
4448 2831
4458 5331
4460 5328
4472 4224
4473 4335
4477 4324
4478 4323
4483 4314
4491 4130
4493 4129
4494 4237
4496 4349
4498 4252
4500 4330
4501 4332
4502 4229
4504 4202
4508 4248
4509 4344
4718 2274
4783 4612
4786 4661
4789 4617
4790 4608
4797 4607
4811 5771
4813 4599
4824 4666
4830 4625
4837 5794
4840 4747
4847 4725
4849 4701
4922 4709
4923 4698
4940 4796
4942 4784
4948 4761
4951 4783
4955 4768
4956 4764
4958 4715
4960 4643
4965 4758
4966 4670
4972 4718
4973 4813
4980 2908
4989 4814
4991 4752
4993 4819
4998 4588
5001 4648
5004 4755
5008 4756
5010 4681
5023 4578
5025 4663
5032 4571
5034 4636
5037 4792
5040 4622
5042 4680
5048 4760
5056 4675
5060 4773
5074 4604
5079 4637
5091 4788
5119 4705
5126 4741
5127 4744
5133 5072
5135 5093
5144 5032
5145 5040
5146 5073
5157 4970
5158 5092
5162 4943
5164 5094
5168 4781
5173 4987
5179 5085
5183 5079
5188 4964
5194 4801
5199 4980
5201 4963
5206 5035
5213 5045
5221 4984
5224 4986
5226 5100
5228 4804
5230 4806
5233 4812
5237 5090
5239 3689
5242 4754
5257 4944
5258 5106
5265 5124
5268 4757
5272 5050
5274 4867
5277 4836
5281 5077
5282 4896
5283 4843
5291 5075
5294 5076
5299 4923
5303 5001
5307 4897
5310 4985
5315 4974
5330 5184
5350 5191
5354 5167
5357 5168
5373 5204
5375 5213
5391 5012
5394 5087
5404 5159
5407 6337
5417 5285
5429 5237
5432 5150
5503 5259
5511 5200
5515 5151
5522 5182
5524 5231
5529 5435
5532 5333
5534 5372
5539 5232
5542 5209
5557 5174
5558 5173
5565 5185
5576 5293
5578 5137
5579 5294
5582 5130
5602 5341
5603 5337
5608 5286
5610 5280
5613 5288
5616 5355
5617 5428
5620 5430
5623 6556
5625 5356
5633 5228
5644 5395
5648 5317
5649 5255
5684 5262
5686 5318
5830 5349
5834 6022
5972 5728
6003 5785
6039 6055
6047 5717
6070 6985
6088 5966
6101 5907
6102 5752
6110 6003
6117 5930
6121 5745
6131 5763
6155 6056
6174 6078
6176 5881
6179 5922
6194 5879
6195 6026
6198 5870
6207 5832
6210 6079
6211 5871
6219 5886
6226 5834
6253 5847
6271 5895
6272 5961
6273 5960
6277 5920
6279 7305
6281 5900
6296 5899
6297 5970
6299 5965
6300 5963
6301 5939
6304 5903
6306 6213
6308 5971
6309 5938
6311 6000
6313 6029
6318 6257
6322 5919
6332 5973
6334 5913
6360 5990
6364 5994
6368 5937
6377 5921
6382 6014
6384 6194
6389 6004
6390 6050
6398 6180
6406 7323
6414 6235
6415 5925
6417 6249
6418 6069
6421 6043
6422 6012
6469 6205
6473 6083
6475 6087
6477 6211
6478 6239
6482 6128
6489 6332
6491 6166
6497 6280
6498 6167
6500 6105
6503 6256
6506 6293
6514 6320
6530 6265
6533 6214
6535 6267
6538 6216
6541 6264
6545 6155
6551 6204
6556 6111
6560 6089
6561 4782
6562 6134
6565 6102
6566 6193
6575 6130
6578 6186
6580 6227
6584 6250
6595 6221
6601 6251
6603 6260
6604 6262
6605 6171
6607 6173
6608 6248
6610 6230
6613 6229
6625 6181
6634 6261
6636 6219
6639 6429
6640 6430
6650 6274
6651 6335
6654 6428
6658 6324
6659 6353
6663 6409
6667 6456
6668 6311
6670 6343
6671 6481
6672 6275
6675 6370
6681 6399
6686 6482
6687 6389
6697 6495
6699 6544
6700 6542
6701 6278
6706 6290
6707 6404
6709 6526
6724 6448
6731 6283
6736 6483
6738 6386
6750 6381
6753 6349
6755 6439
6756 6440
6762 6504
6769 6523
6770 6390
6773 7614
6774 6457
6777 7605
6785 6493
6792 6513
6795 6524
6805 6327
6808 6509
6809 6468
6810 7608
6816 6469
6825 6521
6828 6441
6832 6558
6835 6487
6839 6426
7055 6840
7124 7072
7198 7028
7233 6951
7234 6935
7235 6873
7244 7016
7245 7017
7247 6946
7258 6967
7261 6897
7268 6971
7272 3410
7273 6878
7290 6930
7295 6850
7296 6966
7299 6843
7303 6864
7305 6909
7306 6920
7310 6927
7313 7023
7314 7104
7316 6869
7318 7095
7324 6841
7325 7125
7327 6925
7329 6892
7330 6955
7333 6886
7339 6885
7344 6956
7348 6995
7355 6975
7357 6940
7358 6943
7364 6942
7367 6907
7370 6883
7372 6860
7373 6961
7375 7032
7376 6996
7377 7036
7378 7119
7379 7118
7382 6894
7387 6906
7390 6962
7391 6982
7393 7025
7398 7171
7399 7006
7400 7170
7401 6948
7405 7199
7410 7345
7412 7030
7415 7324
7417 7105
7424 7115
7425 7163
7426 7070
7434 7044
7435 7371
7436 7060
7437 7272
7439 7114
7440 7227
7445 7113
7448 7307
7455 7326
7461 7042
7465 7373
7470 7250
7471 7249
7473 7349
7476 7347
7479 7096
7490 7052
7494 7100
7495 7033
7497 7343
7505 7300
7507 7051
7508 7049
7510 7388
7513 7392
7514 7389
7518 7090
7521 7393
7523 7048
7528 7333
7531 7367
7535 7390
7536 7391
7541 7136
7543 7122
7548 7402
7549 7399
7551 7329
7554 7116
7561 7179
7563 7144
7564 7121
7572 7053
7576 7151
7579 7098
7599 7336
7631 7558
7641 7288
7643 7578
7649 7499
7651 7599
7674 7445
7680 7480
7682 7554
7686 7446
7688 7545
7690 7563
7712 7225
7714 7366
7731 7337
7749 7533
7754 7531
7783 7259
7793 7470
7803 7501
7820 7426
7822 7479
7834 7457
7844 7447
7846 7461
7849 3338
7901 7535
7909 7516
7951 7549


