511 128
215.880081 169.279816 0.000000 0.000000
215.161057 172.142136 0.000000 0.000000
217.738907 176.910126 0.000000 0.000000
196.529526 190.412201 0.000000 0.000000
224.869385 195.741440 0.000000 0.000000
227.575974 196.592712 0.000000 0.000000
180.985550 198.869553 0.000000 0.000000
184.755280 199.178482 0.000000 0.000000
222.836075 200.724121 0.000000 0.000000
222.836075 200.724121 0.000000 0.000000
195.606079 204.635986 0.000000 0.000000
194.859604 207.253616 0.000000 0.000000
211.878586 210.430740 0.000000 0.000000
196.986099 215.798325 0.000000 0.000000
192.502548 219.043488 0.000000 0.000000
256.399261 220.166809 0.000000 0.000000
198.013824 221.134750 0.000000 0.000000
246.408325 220.831635 0.000000 0.000000
187.591629 222.984650 0.000000 0.000000
169.132233 226.091064 0.000000 0.000000
221.133804 226.993942 0.000000 0.000000
224.987274 229.092056 0.000000 0.000000
257.017548 229.915482 0.000000 0.000000
261.811798 230.052628 0.000000 0.000000
176.274567 231.324844 0.000000 0.000000
170.101273 231.751541 0.000000 0.000000
212.872375 233.663559 0.000000 0.000000
275.665253 235.790283 0.000000 0.000000
166.478836 236.959778 0.000000 0.000000
278.475677 237.977722 0.000000 0.000000
264.935425 240.426910 0.000000 0.000000
331.485199 240.497879 0.000000 0.000000
206.232361 241.030807 0.000000 0.000000
213.085785 240.908600 0.000000 0.000000
213.085785 240.908600 0.000000 0.000000
277.347870 240.791351 0.000000 0.000000
192.434036 241.392654 0.000000 0.000000
192.434036 241.392654 0.000000 0.000000
280.814087 241.436905 0.000000 0.000000
267.563995 242.339905 0.000000 0.000000
330.516998 243.533875 0.000000 0.000000
171.107224 245.694016 0.000000 0.000000
171.107224 245.694016 0.000000 0.000000
268.877563 246.291183 0.000000 0.000000
191.705322 247.484177 0.000000 0.000000
317.976715 247.240997 0.000000 0.000000
184.140762 247.891098 0.000000 0.000000
314.140991 248.661926 0.000000 0.000000
289.286987 248.997345 0.000000 0.000000
201.904373 249.710236 0.000000 0.000000
201.904373 249.710236 0.000000 0.000000
205.203506 249.510544 0.000000 0.000000
205.203506 249.510544 0.000000 0.000000
268.575470 249.853439 0.000000 0.000000
268.575470 249.853439 0.000000 0.000000
196.811844 251.410370 0.000000 0.000000
196.811844 251.410370 0.000000 0.000000
190.790344 253.315582 0.000000 0.000000
204.551636 254.653900 0.000000 0.000000
194.891525 255.676605 0.000000 0.000000
338.107147 255.251938 0.000000 0.000000
276.004272 256.676117 0.000000 0.000000
163.632202 257.691498 0.000000 0.000000
195.713516 259.967590 0.000000 0.000000
312.521515 262.048889 0.000000 0.000000
197.732773 262.274475 0.000000 0.000000
193.560135 262.997986 0.000000 0.000000
163.078369 263.540710 0.000000 0.000000
163.078369 263.540710 0.000000 0.000000
347.793793 266.982422 0.000000 0.000000
163.479355 268.440918 0.000000 0.000000
158.619537 271.088806 0.000000 0.000000
281.692047 270.817780 0.000000 0.000000
168.044846 274.875977 0.000000 0.000000
162.488602 277.558044 0.000000 0.000000
339.298187 277.421478 0.000000 0.000000
328.611359 278.810486 0.000000 0.000000
198.309662 279.653961 0.000000 0.000000
266.024170 281.303833 0.000000 0.000000
165.107895 281.935852 0.000000 0.000000
165.107895 281.935852 0.000000 0.000000
181.219254 282.430450 0.000000 0.000000
151.804108 283.938721 0.000000 0.000000
333.032074 284.093781 0.000000 0.000000
198.988495 285.617371 0.000000 0.000000
296.044250 285.730225 0.000000 0.000000
296.044250 285.730225 0.000000 0.000000
308.402557 285.507751 0.000000 0.000000
308.402557 285.507751 0.000000 0.000000
289.669250 289.636841 0.000000 0.000000
276.111359 292.482422 0.000000 0.000000
155.260559 294.555878 0.000000 0.000000
304.471832 295.168610 0.000000 0.000000
304.471832 295.168610 0.000000 0.000000
159.153458 296.036316 0.000000 0.000000
217.048141 298.272675 0.000000 0.000000
285.147736 299.332245 0.000000 0.000000
302.660553 299.763702 0.000000 0.000000
302.660553 299.763702 0.000000 0.000000
274.937225 300.375488 0.000000 0.000000
274.937225 300.375488 0.000000 0.000000
168.377960 301.512207 0.000000 0.000000
190.561539 303.038483 0.000000 0.000000
189.031479 308.591339 0.000000 0.000000
250.241394 308.798737 0.000000 0.000000
277.930389 309.677917 0.000000 0.000000
296.357697 312.848785 0.000000 0.000000
202.761063 314.231995 0.000000 0.000000
175.539291 314.957397 0.000000 0.000000
199.529907 315.170349 0.000000 0.000000
202.462021 317.200775 0.000000 0.000000
156.906693 320.188751 0.000000 0.000000
193.693680 320.062286 0.000000 0.000000
310.676361 320.169464 0.000000 0.000000
138.926773 323.490051 0.000000 0.000000
138.926773 323.490051 0.000000 0.000000
255.835434 324.122620 0.000000 0.000000
135.946014 325.612427 0.000000 0.000000
135.946014 325.612427 0.000000 0.000000
239.496796 326.149384 0.000000 0.000000
172.074249 326.720306 0.000000 0.000000
172.074249 326.720306 0.000000 0.000000
132.539658 328.515961 0.000000 0.000000
185.636932 329.139893 0.000000 0.000000
197.825531 330.955475 0.000000 0.000000
226.743164 331.559631 0.000000 0.000000
249.647079 331.737091 0.000000 0.000000
201.087952 333.365509 0.000000 0.000000
181.796524 334.570221 0.000000 0.000000
196.967331 334.347992 0.000000 0.000000
245.832108 334.579346 0.000000 0.000000
175.643524 335.987274 0.000000 0.000000
175.643524 335.987274 0.000000 0.000000
279.760986 336.128784 0.000000 0.000000
165.377823 337.117218 0.000000 0.000000
214.787659 337.653595 0.000000 0.000000
210.678268 337.862885 0.000000 0.000000
255.539658 339.767090 0.000000 0.000000
162.864471 342.017212 0.000000 0.000000
270.434448 342.364471 0.000000 0.000000
154.792831 344.526215 0.000000 0.000000
248.452499 345.028931 0.000000 0.000000
154.813171 349.645294 0.000000 0.000000
236.715195 350.107635 0.000000 0.000000
249.305145 358.443970 0.000000 0.000000
197.109543 372.133148 0.000000 0.000000
219.111938 372.090363 0.000000 0.000000
209.789856 372.675873 0.000000 0.000000
219.974136 374.767151 0.000000 0.000000
239.974167 376.665955 0.000000 0.000000
239.974167 376.665955 0.000000 0.000000
221.144653 381.083588 0.000000 0.000000
235.112228 387.038544 0.000000 0.000000
290.926453 388.495544 0.000000 0.000000
221.916397 393.230072 0.000000 0.000000
221.916397 393.230072 0.000000 0.000000
242.395782 394.188416 0.000000 0.000000
180.649612 394.488342 0.000000 0.000000
183.599670 396.952362 0.000000 0.000000
129.099518 398.452576 0.000000 0.000000
288.667419 406.045349 0.000000 0.000000
118.973076 415.678314 0.000000 0.000000
121.746086 416.801941 0.000000 0.000000
291.830750 423.299164 0.000000 0.000000
296.267029 431.110321 0.000000 0.000000
146.830124 440.485565 0.000000 0.000000
296.967194 441.265900 0.000000 0.000000
143.886826 442.622742 0.000000 0.000000
294.560608 442.936035 0.000000 0.000000
273.431366 445.596649 0.000000 0.000000
241.764969 453.827148 0.000000 0.000000
294.797272 460.348694 0.000000 0.000000
290.658356 465.449097 0.000000 0.000000
290.658356 465.449097 0.000000 0.000000
113.385124 466.512115 0.000000 0.000000
116.220039 467.283844 0.000000 0.000000
203.459045 167.617203 0.000000 0.000000
188.520905 184.700333 0.000000 0.000000
217.373398 185.105179 0.000000 0.000000
217.373398 185.105179 0.000000 0.000000
219.409912 190.243546 0.000000 0.000000
219.409912 190.243546 0.000000 0.000000
226.170471 199.697144 0.000000 0.000000
206.638184 200.130493 0.000000 0.000000
188.776947 201.493301 0.000000 0.000000
228.819229 207.539169 0.000000 0.000000
176.187866 208.091843 0.000000 0.000000
233.646988 211.451019 0.000000 0.000000
188.662903 213.690460 0.000000 0.000000
167.530029 217.432175 0.000000 0.000000
194.707703 223.135483 0.000000 0.000000
271.250061 228.746826 0.000000 0.000000
267.616455 231.371094 0.000000 0.000000
274.100464 231.775055 0.000000 0.000000
282.624420 233.308426 0.000000 0.000000
169.853592 236.134750 0.000000 0.000000
252.192215 238.888458 0.000000 0.000000
314.159729 242.211639 0.000000 0.000000
334.970581 242.516464 0.000000 0.000000
194.984451 243.469788 0.000000 0.000000
293.002106 243.825592 0.000000 0.000000
324.733765 246.645889 0.000000 0.000000
293.396942 249.494446 0.000000 0.000000
247.710434 250.911270 0.000000 0.000000
356.139038 253.210587 0.000000 0.000000
341.454132 256.785370 0.000000 0.000000
292.276703 258.201019 0.000000 0.000000
337.793182 258.635376 0.000000 0.000000
337.793182 258.635376 0.000000 0.000000
215.707352 259.537964 0.000000 0.000000
314.147430 259.614380 0.000000 0.000000
314.147430 259.614380 0.000000 0.000000
310.844727 261.741730 0.000000 0.000000
212.795929 261.927368 0.000000 0.000000
297.823608 262.374451 0.000000 0.000000
278.339294 266.529205 0.000000 0.000000
176.908569 270.322540 0.000000 0.000000
335.137146 271.945190 0.000000 0.000000
290.004791 276.774506 0.000000 0.000000
168.276672 280.397522 0.000000 0.000000
269.729645 281.991058 0.000000 0.000000
185.200912 282.575775 0.000000 0.000000
185.200912 282.575775 0.000000 0.000000
178.848495 285.372437 0.000000 0.000000
178.848495 285.372437 0.000000 0.000000
314.714478 288.433136 0.000000 0.000000
153.895340 288.971344 0.000000 0.000000
293.742188 292.425629 0.000000 0.000000
325.967712 298.436432 0.000000 0.000000
267.315887 299.646179 0.000000 0.000000
192.400330 300.116028 0.000000 0.000000
325.951721 302.029785 0.000000 0.000000
184.533463 302.474274 0.000000 0.000000
244.540619 303.074432 0.000000 0.000000
289.774445 305.713013 0.000000 0.000000
298.935944 309.461456 0.000000 0.000000
251.705597 318.367096 0.000000 0.000000
251.705597 318.367096 0.000000 0.000000
199.841354 319.377411 0.000000 0.000000
180.088608 320.153229 0.000000 0.000000
174.012039 320.441742 0.000000 0.000000
174.012039 320.441742 0.000000 0.000000
196.952164 322.180511 0.000000 0.000000
171.940613 326.753693 0.000000 0.000000
171.940613 326.753693 0.000000 0.000000
164.293304 327.986328 0.000000 0.000000
164.293304 327.986328 0.000000 0.000000
200.955170 329.452667 0.000000 0.000000
242.948441 330.106445 0.000000 0.000000
287.410919 331.990387 0.000000 0.000000
287.410919 331.990387 0.000000 0.000000
176.990982 338.602783 0.000000 0.000000
261.183411 339.554352 0.000000 0.000000
207.007019 339.731812 0.000000 0.000000
237.744247 340.203674 0.000000 0.000000
293.614655 341.243805 0.000000 0.000000
293.614655 341.243805 0.000000 0.000000
238.911926 343.550629 0.000000 0.000000
185.887848 343.855988 0.000000 0.000000
254.929916 344.760040 0.000000 0.000000
237.556732 346.943848 0.000000 0.000000
235.245544 353.337067 0.000000 0.000000
226.890320 354.438049 0.000000 0.000000
238.950775 356.052887 0.000000 0.000000
258.250305 357.637024 0.000000 0.000000
139.393219 368.006195 0.000000 0.000000
278.029938 377.038300 0.000000 0.000000
247.660294 377.853760 0.000000 0.000000
208.053558 380.989471 0.000000 0.000000
226.070541 387.125427 0.000000 0.000000
247.877975 392.275543 0.000000 0.000000
152.944183 399.833832 0.000000 0.000000
262.220215 404.335876 0.000000 0.000000
293.543854 412.362946 0.000000 0.000000
136.397232 442.006958 0.000000 0.000000
272.695251 448.590332 0.000000 0.000000
275.577972 452.076508 0.000000 0.000000
281.567993 453.434540 0.000000 0.000000
295.223114 466.645996 0.000000 0.000000
107.517220 469.575134 0.000000 0.000000
220.837524 196.519592 0.000000 0.000000
223.384888 205.218231 0.000000 0.000000
187.376663 210.226273 0.000000 0.000000
234.302933 219.011917 0.000000 0.000000
264.220825 222.692657 0.000000 0.000000
243.799377 225.473465 0.000000 0.000000
266.446625 227.065430 0.000000 0.000000
248.883743 234.096146 0.000000 0.000000
253.658737 234.682922 0.000000 0.000000
221.536026 239.500198 0.000000 0.000000
200.250137 242.104980 0.000000 0.000000
287.345337 243.370010 0.000000 0.000000
216.014618 243.898102 0.000000 0.000000
188.151520 244.937454 0.000000 0.000000
188.151520 244.937454 0.000000 0.000000
252.189133 249.218033 0.000000 0.000000
352.724823 249.546097 0.000000 0.000000
222.053360 251.705154 0.000000 0.000000
307.609497 251.995010 0.000000 0.000000
177.803177 252.665512 0.000000 0.000000
177.803177 252.665512 0.000000 0.000000
185.300522 252.517685 0.000000 0.000000
311.738007 255.767227 0.000000 0.000000
184.284714 260.337585 0.000000 0.000000
174.354919 261.309906 0.000000 0.000000
301.489716 267.664948 0.000000 0.000000
174.071106 274.778046 0.000000 0.000000
153.414612 278.387726 0.000000 0.000000
318.777527 278.976624 0.000000 0.000000
337.473175 282.111176 0.000000 0.000000
260.859039 285.336304 0.000000 0.000000
331.443176 291.180359 0.000000 0.000000
331.980164 296.725983 0.000000 0.000000
292.075928 298.962677 0.000000 0.000000
306.814606 298.798279 0.000000 0.000000
174.250916 299.343872 0.000000 0.000000
165.983521 304.915649 0.000000 0.000000
265.073547 304.411377 0.000000 0.000000
157.810013 305.094330 0.000000 0.000000
302.317719 305.108002 0.000000 0.000000
302.317719 305.108002 0.000000 0.000000
261.017731 307.985260 0.000000 0.000000
218.359894 313.310028 0.000000 0.000000
201.363007 324.729828 0.000000 0.000000
197.019379 326.616852 0.000000 0.000000
278.910095 331.567719 0.000000 0.000000
174.819717 332.269684 0.000000 0.000000
242.920288 340.594391 0.000000 0.000000
254.365524 344.070862 0.000000 0.000000
223.123886 356.721954 0.000000 0.000000
233.728104 362.329132 0.000000 0.000000
233.728104 362.329132 0.000000 0.000000
230.325974 370.526581 0.000000 0.000000
280.405579 373.660126 0.000000 0.000000
247.563873 384.438812 0.000000 0.000000
237.994446 389.717316 0.000000 0.000000
150.478378 403.068939 0.000000 0.000000
254.424698 413.239990 0.000000 0.000000
159.253876 417.553253 0.000000 0.000000
271.768799 425.852020 0.000000 0.000000
119.658653 426.114716 0.000000 0.000000
269.437225 429.672363 0.000000 0.000000
277.097168 438.979980 0.000000 0.000000
277.097168 438.979980 0.000000 0.000000
113.792419 441.059357 0.000000 0.000000
293.348175 448.381500 0.000000 0.000000
298.450592 453.907928 0.000000 0.000000
184.613632 205.162537 0.000000 0.000000
210.765579 219.004166 0.000000 0.000000
218.316833 221.135223 0.000000 0.000000
222.348206 233.479111 0.000000 0.000000
248.805573 234.053619 0.000000 0.000000
209.289032 235.053238 0.000000 0.000000
184.861404 240.356308 0.000000 0.000000
287.422852 243.505081 0.000000 0.000000
210.226395 246.752945 0.000000 0.000000
239.754715 246.490372 0.000000 0.000000
304.064667 248.704605 0.000000 0.000000
222.181702 251.702744 0.000000 0.000000
189.718063 260.937927 0.000000 0.000000
274.277832 264.090942 0.000000 0.000000
208.333572 271.535919 0.000000 0.000000
208.333572 271.535919 0.000000 0.000000
163.295593 276.038452 0.000000 0.000000
178.621078 277.391418 0.000000 0.000000
289.754089 277.797150 0.000000 0.000000
318.917877 278.869415 0.000000 0.000000
159.288788 279.347504 0.000000 0.000000
314.735992 282.041595 0.000000 0.000000
314.735992 282.041595 0.000000 0.000000
214.268814 283.876526 0.000000 0.000000
327.879486 285.915894 0.000000 0.000000
251.836563 299.676270 0.000000 0.000000
312.404633 299.184357 0.000000 0.000000
312.404633 299.184357 0.000000 0.000000
255.584183 314.509888 0.000000 0.000000
247.076004 318.892883 0.000000 0.000000
308.830078 320.316101 0.000000 0.000000
163.584290 321.106964 0.000000 0.000000
156.422546 322.239624 0.000000 0.000000
231.164413 324.375031 0.000000 0.000000
156.938599 331.256500 0.000000 0.000000
224.880310 382.341583 0.000000 0.000000
174.569260 389.362579 0.000000 0.000000
124.915916 422.965820 0.000000 0.000000
262.220612 423.591858 0.000000 0.000000
292.702637 439.363556 0.000000 0.000000
275.586823 444.226440 0.000000 0.000000
298.739746 454.163879 0.000000 0.000000
293.353394 458.695648 0.000000 0.000000
298.586853 463.257416 0.000000 0.000000
180.486267 211.532547 0.000000 0.000000
197.800873 218.219009 0.000000 0.000000
181.319199 220.029739 0.000000 0.000000
181.319199 220.029739 0.000000 0.000000
197.615997 230.860596 0.000000 0.000000
197.615997 230.860596 0.000000 0.000000
171.185287 234.055969 0.000000 0.000000
178.040741 238.510132 0.000000 0.000000
308.910828 240.650848 0.000000 0.000000
233.288559 242.799301 0.000000 0.000000
246.715271 245.141327 0.000000 0.000000
216.221512 251.572327 0.000000 0.000000
216.221512 251.572327 0.000000 0.000000
192.731949 254.671371 0.000000 0.000000
192.731949 254.671371 0.000000 0.000000
269.146515 255.799469 0.000000 0.000000
222.146606 258.867310 0.000000 0.000000
200.357590 259.257141 0.000000 0.000000
228.629242 261.166901 0.000000 0.000000
186.761215 265.762329 0.000000 0.000000
186.761215 265.762329 0.000000 0.000000
199.850647 266.213531 0.000000 0.000000
309.639587 266.432587 0.000000 0.000000
309.639587 266.432587 0.000000 0.000000
325.223694 267.827332 0.000000 0.000000
170.538116 269.364105 0.000000 0.000000
189.840027 272.964539 0.000000 0.000000
189.840027 272.964539 0.000000 0.000000
295.548553 273.064758 0.000000 0.000000
324.797791 274.567078 0.000000 0.000000
324.797791 274.567078 0.000000 0.000000
331.480560 280.700684 0.000000 0.000000
308.827362 285.965149 0.000000 0.000000
218.297562 286.924072 0.000000 0.000000
303.358582 291.584320 0.000000 0.000000
251.317627 292.097900 0.000000 0.000000
283.461914 293.066925 0.000000 0.000000
180.217972 294.913757 0.000000 0.000000
162.834305 300.567505 0.000000 0.000000
321.061462 300.335266 0.000000 0.000000
321.895691 307.128632 0.000000 0.000000
184.617126 307.173706 0.000000 0.000000
290.431030 314.212189 0.000000 0.000000
215.851959 324.813568 0.000000 0.000000
283.986053 329.073578 0.000000 0.000000
224.389786 340.985474 0.000000 0.000000
297.263214 346.640991 0.000000 0.000000
215.502792 353.747467 0.000000 0.000000
217.146149 366.995270 0.000000 0.000000
245.462082 394.042603 0.000000 0.000000
201.312927 173.653687 0.000000 0.000000
191.401779 190.107834 0.000000 0.000000
251.239426 216.509003 0.000000 0.000000
224.645203 217.623550 0.000000 0.000000
172.158463 221.042435 0.000000 0.000000
212.440277 227.247116 0.000000 0.000000
212.440277 227.247116 0.000000 0.000000
233.798126 227.510666 0.000000 0.000000
240.846939 235.867691 0.000000 0.000000
240.846939 235.867691 0.000000 0.000000
277.225525 239.483170 0.000000 0.000000
209.304733 245.038513 0.000000 0.000000
299.395081 255.848663 0.000000 0.000000
299.395081 255.848663 0.000000 0.000000
183.946487 257.819672 0.000000 0.000000
219.515472 264.687836 0.000000 0.000000
162.214951 266.065582 0.000000 0.000000
264.298065 271.994354 0.000000 0.000000
272.114014 275.153809 0.000000 0.000000
207.582047 279.784393 0.000000 0.000000
247.597000 284.496338 0.000000 0.000000
284.045898 284.258575 0.000000 0.000000
300.333557 284.062744 0.000000 0.000000
274.587372 297.524414 0.000000 0.000000
255.219070 305.536041 0.000000 0.000000
255.219070 305.536041 0.000000 0.000000
231.694351 332.084381 0.000000 0.000000
238.728378 337.839508 0.000000 0.000000
261.423340 347.337158 0.000000 0.000000
205.623657 351.274841 0.000000 0.000000
206.623383 390.756927 0.000000 0.000000
159.108810 416.948669 0.000000 0.000000
208.236923 168.426254 0.000000 0.000000
168.889572 208.246918 0.000000 0.000000
250.052399 226.620712 0.000000 0.000000
278.388763 254.128723 0.000000 0.000000
340.067810 284.996796 0.000000 0.000000
271.423859 287.481567 0.000000 0.000000
311.490967 307.364746 0.000000 0.000000
280.776337 320.873138 0.000000 0.000000
208.579605 329.787994 0.000000 0.000000
210.773148 381.353851 0.000000 0.000000
242.951767 211.966721 0.000000 0.000000
188.276688 221.766602 0.000000 0.000000
161.734390 234.302094 0.000000 0.000000
224.572754 332.502350 0.000000 0.000000
174.806885 248.095352 0.000000 0.000000
210.945206 279.137573 0.000000 0.000000
210.945206 279.137573 0.000000 0.000000
265.372894 303.575104 0.000000 0.000000
265.372894 303.575104 0.000000 0.000000
194.805893 379.546021 0.000000 0.000000
258.227325 329.170074 0.000000 0.000000
182.981339 242.895538 0.000000 0.000000
325.912292 252.679337 0.000000 0.000000
249.821152 268.781097 0.000000 0.000000
249.821152 268.781097 0.000000 0.000000
352.076660 277.334991 0.000000 0.000000
272.444122 405.193634 0.000000 0.000000
201.739853 196.392365 0.000000 0.000000
201.739853 196.392365 0.000000 0.000000
203.646454 309.407837 0.000000 0.000000
203.646454 309.407837 0.000000 0.000000
215.749939 352.774963 0.000000 0.000000
215.749939 352.774963 0.000000 0.000000
140.882187 326.966003 0.000000 0.000000
159.462738 379.487885 0.000000 0.000000
268.804840 202.142563 0.000000 0.000000
224.624100 284.227081 0.000000 0.000000
321.166840 366.610992 0.000000 0.000000
