534 128
341.756073 3.830760 0.000000 0.000000
177.726837 6.901371 0.000000 0.000000
360.641144 7.505056 0.000000 0.000000
183.128815 8.534320 0.000000 0.000000
183.128815 8.534320 0.000000 0.000000
239.668671 8.633724 0.000000 0.000000
179.236786 13.651997 0.000000 0.000000
364.274292 15.792641 0.000000 0.000000
181.205627 16.924421 0.000000 0.000000
232.493866 19.893032 0.000000 0.000000
186.020126 22.142614 0.000000 0.000000
176.963348 23.622873 0.000000 0.000000
179.384933 31.053087 0.000000 0.000000
330.228973 31.381842 0.000000 0.000000
176.313797 32.844830 0.000000 0.000000
350.929962 34.366928 0.000000 0.000000
177.554733 38.024708 0.000000 0.000000
177.683868 43.191944 0.000000 0.000000
352.070068 57.330853 0.000000 0.000000
355.034454 58.451191 0.000000 0.000000
281.473663 69.195900 0.000000 0.000000
215.180801 72.610466 0.000000 0.000000
345.121796 75.337585 0.000000 0.000000
251.960190 80.884338 0.000000 0.000000
251.960190 80.884338 0.000000 0.000000
354.031250 80.812225 0.000000 0.000000
304.046539 83.064636 0.000000 0.000000
339.277344 83.647652 0.000000 0.000000
182.999252 85.487068 0.000000 0.000000
238.700882 87.245064 0.000000 0.000000
252.942551 92.839279 0.000000 0.000000
196.796707 93.779282 0.000000 0.000000
239.322357 94.816193 0.000000 0.000000
250.698456 95.043388 0.000000 0.000000
266.475647 98.874550 0.000000 0.000000
253.856674 99.264038 0.000000 0.000000
226.901230 104.123848 0.000000 0.000000
195.133530 105.953064 0.000000 0.000000
215.219009 107.087967 0.000000 0.000000
224.707489 115.519676 0.000000 0.000000
234.828659 117.980339 0.000000 0.000000
238.713257 120.864685 0.000000 0.000000
238.713257 120.864685 0.000000 0.000000
187.294159 122.459305 0.000000 0.000000
237.239868 123.883804 0.000000 0.000000
319.189819 124.353798 0.000000 0.000000
225.574158 128.971573 0.000000 0.000000
229.497742 129.343506 0.000000 0.000000
318.934692 129.368332 0.000000 0.000000
254.317780 132.914886 0.000000 0.000000
262.734161 132.903854 0.000000 0.000000
218.565689 134.195358 0.000000 0.000000
212.871262 134.430847 0.000000 0.000000
301.975494 135.603134 0.000000 0.000000
259.114563 136.275574 0.000000 0.000000
263.397064 136.172333 0.000000 0.000000
308.360199 136.825378 0.000000 0.000000
292.102386 139.501175 0.000000 0.000000
277.058929 139.842651 0.000000 0.000000
272.971375 140.600357 0.000000 0.000000
280.674835 141.024460 0.000000 0.000000
177.439346 141.574280 0.000000 0.000000
224.960770 142.130112 0.000000 0.000000
247.427704 142.415131 0.000000 0.000000
276.141846 142.981232 0.000000 0.000000
174.752686 143.266815 0.000000 0.000000
174.752686 143.266815 0.000000 0.000000
242.091202 145.579178 0.000000 0.000000
341.380341 145.468842 0.000000 0.000000
341.380341 145.468842 0.000000 0.000000
310.462250 146.252899 0.000000 0.000000
301.847321 147.143509 0.000000 0.000000
301.847321 147.143509 0.000000 0.000000
234.491989 147.758270 0.000000 0.000000
338.494781 148.120636 0.000000 0.000000
338.494781 148.120636 0.000000 0.000000
237.279114 148.406082 0.000000 0.000000
237.279114 148.406082 0.000000 0.000000
334.969818 150.604355 0.000000 0.000000
334.969818 150.604355 0.000000 0.000000
332.395447 152.050415 0.000000 0.000000
332.395447 152.050415 0.000000 0.000000
163.134674 153.755859 0.000000 0.000000
280.366516 153.965622 0.000000 0.000000
316.777679 153.737137 0.000000 0.000000
186.338989 154.688477 0.000000 0.000000
271.659943 157.112488 0.000000 0.000000
274.471191 158.842255 0.000000 0.000000
298.485504 159.055405 0.000000 0.000000
177.721939 161.133209 0.000000 0.000000
196.044662 164.430801 0.000000 0.000000
284.972626 165.322891 0.000000 0.000000
263.650818 168.947449 0.000000 0.000000
236.916122 171.446609 0.000000 0.000000
147.708435 172.450943 0.000000 0.000000
322.696991 173.477173 0.000000 0.000000
171.418900 174.301392 0.000000 0.000000
171.418900 174.301392 0.000000 0.000000
188.919724 174.707382 0.000000 0.000000
147.674332 175.537354 0.000000 0.000000
314.708496 177.928146 0.000000 0.000000
169.541656 178.707031 0.000000 0.000000
169.541656 178.707031 0.000000 0.000000
318.725555 179.382202 0.000000 0.000000
197.948227 181.485336 0.000000 0.000000
258.618958 182.571167 0.000000 0.000000
138.426697 182.894012 0.000000 0.000000
287.488098 183.418732 0.000000 0.000000
165.752182 188.461258 0.000000 0.000000
322.306549 190.196899 0.000000 0.000000
204.365707 191.821777 0.000000 0.000000
308.929504 192.094727 0.000000 0.000000
308.929504 192.094727 0.000000 0.000000
208.069489 192.564941 0.000000 0.000000
190.835159 193.214142 0.000000 0.000000
314.233856 194.659683 0.000000 0.000000
314.233856 194.659683 0.000000 0.000000
200.122879 195.530411 0.000000 0.000000
287.521515 195.071716 0.000000 0.000000
134.882233 196.524628 0.000000 0.000000
183.671127 197.206375 0.000000 0.000000
183.671127 197.206375 0.000000 0.000000
305.869720 199.041290 0.000000 0.000000
299.562195 200.307297 0.000000 0.000000
192.544403 203.111557 0.000000 0.000000
149.320511 203.923065 0.000000 0.000000
199.789932 204.121597 0.000000 0.000000
310.512817 205.584137 0.000000 0.000000
126.163483 207.079926 0.000000 0.000000
310.907898 210.503876 0.000000 0.000000
310.907898 210.503876 0.000000 0.000000
280.389648 210.998459 0.000000 0.000000
276.341797 211.670547 0.000000 0.000000
276.278076 216.335648 0.000000 0.000000
132.782974 217.267929 0.000000 0.000000
197.907578 217.474197 0.000000 0.000000
135.954239 218.673538 0.000000 0.000000
279.045746 218.279724 0.000000 0.000000
283.228333 220.648163 0.000000 0.000000
117.637680 220.984344 0.000000 0.000000
173.034744 221.899567 0.000000 0.000000
277.230072 222.600327 0.000000 0.000000
277.230072 222.600327 0.000000 0.000000
184.743332 224.970581 0.000000 0.000000
159.842926 225.327530 0.000000 0.000000
289.887482 226.104950 0.000000 0.000000
282.349548 226.540573 0.000000 0.000000
224.774124 229.847290 0.000000 0.000000
311.446136 230.338318 0.000000 0.000000
206.481857 231.681931 0.000000 0.000000
193.260605 232.553192 0.000000 0.000000
281.454163 232.708038 0.000000 0.000000
281.454163 232.708038 0.000000 0.000000
196.693878 233.258972 0.000000 0.000000
196.693878 233.258972 0.000000 0.000000
267.626068 232.908386 0.000000 0.000000
142.459946 233.470673 0.000000 0.000000
208.992401 233.663330 0.000000 0.000000
114.711700 234.011597 0.000000 0.000000
145.347748 234.959824 0.000000 0.000000
129.050659 236.415970 0.000000 0.000000
307.558868 237.028442 0.000000 0.000000
198.228531 238.207672 0.000000 0.000000
299.399292 240.077896 0.000000 0.000000
261.134613 240.292282 0.000000 0.000000
303.832489 242.129440 0.000000 0.000000
206.033936 243.544449 0.000000 0.000000
212.138412 243.715591 0.000000 0.000000
252.819839 246.882141 0.000000 0.000000
252.819839 246.882141 0.000000 0.000000
304.928955 247.905350 0.000000 0.000000
203.533127 248.819473 0.000000 0.000000
237.087662 249.493729 0.000000 0.000000
257.522278 252.884262 0.000000 0.000000
217.643631 253.738251 0.000000 0.000000
286.163940 255.883942 0.000000 0.000000
230.108871 256.565277 0.000000 0.000000
298.764313 257.541840 0.000000 0.000000
276.882507 258.079315 0.000000 0.000000
259.955139 258.569489 0.000000 0.000000
261.460480 263.602051 0.000000 0.000000
297.854523 266.306030 0.000000 0.000000
279.101593 266.736725 0.000000 0.000000
278.283936 269.318207 0.000000 0.000000
289.190125 274.765289 0.000000 0.000000
292.940735 274.906708 0.000000 0.000000
246.515198 277.416779 0.000000 0.000000
293.779846 282.063477 0.000000 0.000000
253.491211 290.796204 0.000000 0.000000
253.676361 297.533752 0.000000 0.000000
366.512787 4.405519 0.000000 0.000000
198.357666 21.891094 0.000000 0.000000
201.115051 25.440241 0.000000 0.000000
344.460480 31.247471 0.000000 0.000000
344.460480 31.247471 0.000000 0.000000
337.710632 32.044476 0.000000 0.000000
180.449844 61.603390 0.000000 0.000000
312.084229 64.939095 0.000000 0.000000
303.960785 66.093224 0.000000 0.000000
212.192459 69.762154 0.000000 0.000000
320.937225 74.205345 0.000000 0.000000
290.531006 77.095268 0.000000 0.000000
341.189453 78.019173 0.000000 0.000000
293.243256 79.463951 0.000000 0.000000
226.156342 81.763237 0.000000 0.000000
247.955688 86.843727 0.000000 0.000000
234.065781 96.673622 0.000000 0.000000
195.882385 96.874741 0.000000 0.000000
334.559448 105.891174 0.000000 0.000000
215.889465 116.504372 0.000000 0.000000
247.314178 119.640053 0.000000 0.000000
236.505783 127.077835 0.000000 0.000000
177.961304 128.796249 0.000000 0.000000
218.950058 129.183655 0.000000 0.000000
288.163544 130.240005 0.000000 0.000000
288.163544 130.240005 0.000000 0.000000
235.355209 130.472519 0.000000 0.000000
311.531464 132.065308 0.000000 0.000000
179.858948 132.660477 0.000000 0.000000
179.858948 132.660477 0.000000 0.000000
236.344345 133.769058 0.000000 0.000000
266.900421 134.078094 0.000000 0.000000
296.979645 135.392014 0.000000 0.000000
237.613358 139.389297 0.000000 0.000000
186.484741 142.096939 0.000000 0.000000
186.484741 142.096939 0.000000 0.000000
273.024231 144.540741 0.000000 0.000000
293.041138 144.920563 0.000000 0.000000
210.221939 146.779953 0.000000 0.000000
210.221939 146.779953 0.000000 0.000000
250.143677 149.458527 0.000000 0.000000
218.462692 150.236389 0.000000 0.000000
277.092712 151.635223 0.000000 0.000000
300.030945 153.532745 0.000000 0.000000
300.030945 153.532745 0.000000 0.000000
293.865540 153.863510 0.000000 0.000000
273.978943 154.432159 0.000000 0.000000
222.350754 155.809631 0.000000 0.000000
222.350754 155.809631 0.000000 0.000000
270.913330 160.458893 0.000000 0.000000
175.085968 164.581161 0.000000 0.000000
184.127472 168.171448 0.000000 0.000000
229.479843 170.947495 0.000000 0.000000
289.683105 171.511108 0.000000 0.000000
206.668259 174.350632 0.000000 0.000000
315.006042 174.585510 0.000000 0.000000
180.276199 181.564224 0.000000 0.000000
289.756348 188.319397 0.000000 0.000000
295.035278 188.641815 0.000000 0.000000
288.826385 191.447800 0.000000 0.000000
305.619415 193.603714 0.000000 0.000000
138.900558 202.159271 0.000000 0.000000
297.076752 203.654083 0.000000 0.000000
261.192413 212.067413 0.000000 0.000000
304.783447 212.020432 0.000000 0.000000
163.194443 212.271881 0.000000 0.000000
159.865250 214.372116 0.000000 0.000000
159.865250 214.372116 0.000000 0.000000
258.274475 214.430511 0.000000 0.000000
191.834854 214.910873 0.000000 0.000000
136.412567 215.439972 0.000000 0.000000
136.412567 215.439972 0.000000 0.000000
181.735489 215.816284 0.000000 0.000000
183.455658 221.100784 0.000000 0.000000
113.922546 223.512009 0.000000 0.000000
226.231628 223.246460 0.000000 0.000000
180.644958 224.439301 0.000000 0.000000
149.282471 227.361740 0.000000 0.000000
228.824982 228.212891 0.000000 0.000000
212.866898 229.453796 0.000000 0.000000
180.816833 230.260056 0.000000 0.000000
139.020187 231.490067 0.000000 0.000000
159.708740 231.969406 0.000000 0.000000
221.766006 235.149826 0.000000 0.000000
304.129791 237.899612 0.000000 0.000000
191.319702 240.615341 0.000000 0.000000
199.823471 242.291351 0.000000 0.000000
206.343628 242.715607 0.000000 0.000000
202.722809 245.246948 0.000000 0.000000
279.286957 250.875214 0.000000 0.000000
227.778900 253.286819 0.000000 0.000000
306.379028 256.683136 0.000000 0.000000
285.411224 260.338776 0.000000 0.000000
240.343887 262.458252 0.000000 0.000000
252.144241 264.752747 0.000000 0.000000
245.169113 266.508484 0.000000 0.000000
296.890137 270.369629 0.000000 0.000000
285.181946 272.499146 0.000000 0.000000
267.459808 273.969330 0.000000 0.000000
247.771423 274.166687 0.000000 0.000000
256.597565 288.957764 0.000000 0.000000
256.597565 288.957764 0.000000 0.000000
265.400452 295.810211 0.000000 0.000000
278.636719 301.692780 0.000000 0.000000
270.629639 306.418518 0.000000 0.000000
175.218140 20.135572 0.000000 0.000000
180.676147 25.752535 0.000000 0.000000
360.447540 32.910454 0.000000 0.000000
196.679855 35.040577 0.000000 0.000000
196.679855 35.040577 0.000000 0.000000
202.293793 48.176994 0.000000 0.000000
219.447739 60.841740 0.000000 0.000000
323.444550 70.789833 0.000000 0.000000
230.204224 80.782974 0.000000 0.000000
230.204224 80.782974 0.000000 0.000000
236.067993 84.170670 0.000000 0.000000
226.432877 89.585938 0.000000 0.000000
193.688965 100.350288 0.000000 0.000000
243.669128 103.531425 0.000000 0.000000
249.533936 109.808235 0.000000 0.000000
240.403900 111.520615 0.000000 0.000000
240.403900 111.520615 0.000000 0.000000
250.615417 117.486168 0.000000 0.000000
222.313217 131.296066 0.000000 0.000000
231.143646 133.430298 0.000000 0.000000
218.090790 138.514099 0.000000 0.000000
298.975128 141.839172 0.000000 0.000000
195.060303 142.412766 0.000000 0.000000
276.884583 147.285690 0.000000 0.000000
272.656311 149.282288 0.000000 0.000000
255.282410 161.274551 0.000000 0.000000
255.282410 161.274551 0.000000 0.000000
213.110413 166.302155 0.000000 0.000000
171.660995 168.986237 0.000000 0.000000
171.660995 168.986237 0.000000 0.000000
316.293945 168.952301 0.000000 0.000000
208.852463 169.495773 0.000000 0.000000
308.240356 169.146576 0.000000 0.000000
281.352112 173.893250 0.000000 0.000000
167.167526 175.223083 0.000000 0.000000
181.913651 174.928558 0.000000 0.000000
299.692810 174.793060 0.000000 0.000000
142.066940 177.165421 0.000000 0.000000
142.557297 182.819336 0.000000 0.000000
213.149033 188.480179 0.000000 0.000000
136.461395 191.854233 0.000000 0.000000
257.436493 194.094040 0.000000 0.000000
155.079803 194.939560 0.000000 0.000000
320.503052 195.557404 0.000000 0.000000
172.587158 206.337250 0.000000 0.000000
299.647644 212.820969 0.000000 0.000000
289.694397 213.684418 0.000000 0.000000
288.737946 221.437881 0.000000 0.000000
296.214813 221.298523 0.000000 0.000000
296.214813 221.298523 0.000000 0.000000
166.346542 222.011002 0.000000 0.000000
251.951706 222.214050 0.000000 0.000000
121.260307 224.491562 0.000000 0.000000
221.825592 224.786942 0.000000 0.000000
285.803925 229.051880 0.000000 0.000000
285.803925 229.051880 0.000000 0.000000
258.022705 230.142822 0.000000 0.000000
186.602570 230.664459 0.000000 0.000000
273.784210 231.777206 0.000000 0.000000
252.428909 234.357605 0.000000 0.000000
220.353714 239.216248 0.000000 0.000000
225.122437 239.924179 0.000000 0.000000
199.388565 242.681427 0.000000 0.000000
199.388565 242.681427 0.000000 0.000000
207.513153 246.994827 0.000000 0.000000
230.251465 248.488510 0.000000 0.000000
209.768600 251.309860 0.000000 0.000000
239.681381 255.004166 0.000000 0.000000
243.732544 261.505310 0.000000 0.000000
250.579849 268.752960 0.000000 0.000000
253.230942 277.734009 0.000000 0.000000
255.183380 284.010956 0.000000 0.000000
175.404282 10.732324 0.000000 0.000000
180.619247 15.230255 0.000000 0.000000
198.427933 29.754774 0.000000 0.000000
181.426315 34.650864 0.000000 0.000000
205.861389 44.435402 0.000000 0.000000
211.996353 50.404991 0.000000 0.000000
349.275543 50.805889 0.000000 0.000000
299.396454 84.597565 0.000000 0.000000
316.840515 142.796692 0.000000 0.000000
242.893158 149.631424 0.000000 0.000000
317.616333 151.722672 0.000000 0.000000
165.116959 153.685547 0.000000 0.000000
190.244232 160.183121 0.000000 0.000000
190.244232 160.183121 0.000000 0.000000
218.413162 159.438370 0.000000 0.000000
255.262085 161.726013 0.000000 0.000000
255.262085 161.726013 0.000000 0.000000
161.630478 174.726944 0.000000 0.000000
161.630478 174.726944 0.000000 0.000000
222.181778 174.298965 0.000000 0.000000
142.033447 176.929871 0.000000 0.000000
146.110367 188.041153 0.000000 0.000000
259.738983 190.118103 0.000000 0.000000
159.232086 191.938553 0.000000 0.000000
159.232086 191.938553 0.000000 0.000000
288.781830 192.802399 0.000000 0.000000
314.713837 194.668762 0.000000 0.000000
184.251556 196.234985 0.000000 0.000000
310.709778 197.958588 0.000000 0.000000
265.676147 202.452454 0.000000 0.000000
265.676147 202.452454 0.000000 0.000000
199.738846 209.888824 0.000000 0.000000
284.523193 213.172333 0.000000 0.000000
251.735825 222.061722 0.000000 0.000000
169.950195 225.321564 0.000000 0.000000
234.242447 227.494965 0.000000 0.000000
263.855103 227.242569 0.000000 0.000000
186.526581 230.484665 0.000000 0.000000
289.176239 233.601700 0.000000 0.000000
265.166840 238.686310 0.000000 0.000000
225.198624 239.965454 0.000000 0.000000
251.649902 240.497757 0.000000 0.000000
255.656540 252.917160 0.000000 0.000000
289.344635 268.907928 0.000000 0.000000
322.069489 67.931732 0.000000 0.000000
228.575867 80.048927 0.000000 0.000000
249.249603 91.553787 0.000000 0.000000
258.461121 120.175484 0.000000 0.000000
176.753510 127.370987 0.000000 0.000000
249.590240 133.012878 0.000000 0.000000
201.262772 133.536362 0.000000 0.000000
189.954971 144.874146 0.000000 0.000000
258.098633 149.153839 0.000000 0.000000
183.510635 159.733047 0.000000 0.000000
289.357819 166.846375 0.000000 0.000000
151.741165 166.875626 0.000000 0.000000
152.958191 173.627975 0.000000 0.000000
311.117157 173.356537 0.000000 0.000000
293.842072 179.141602 0.000000 0.000000
190.526230 180.946014 0.000000 0.000000
170.614258 182.270798 0.000000 0.000000
255.709625 187.064667 0.000000 0.000000
165.173599 188.031128 0.000000 0.000000
142.553894 193.264404 0.000000 0.000000
149.193756 199.422485 0.000000 0.000000
149.193756 199.422485 0.000000 0.000000
178.590515 200.985931 0.000000 0.000000
284.146851 201.013916 0.000000 0.000000
303.461182 204.638367 0.000000 0.000000
149.116653 206.539658 0.000000 0.000000
164.268692 207.524796 0.000000 0.000000
164.268692 207.524796 0.000000 0.000000
287.314575 208.256363 0.000000 0.000000
287.314575 208.256363 0.000000 0.000000
245.319168 212.930115 0.000000 0.000000
273.630157 214.768341 0.000000 0.000000
251.886215 215.072891 0.000000 0.000000
204.862991 218.180161 0.000000 0.000000
281.259644 219.309601 0.000000 0.000000
281.259644 219.309601 0.000000 0.000000
257.784302 222.421219 0.000000 0.000000
257.784302 222.421219 0.000000 0.000000
227.240387 228.880753 0.000000 0.000000
240.730225 231.112610 0.000000 0.000000
165.363708 233.242035 0.000000 0.000000
295.962982 235.492554 0.000000 0.000000
302.822449 239.817566 0.000000 0.000000
276.351654 243.151047 0.000000 0.000000
276.351654 243.151047 0.000000 0.000000
292.690613 254.022003 0.000000 0.000000
292.690613 254.022003 0.000000 0.000000
276.062042 255.818863 0.000000 0.000000
293.490234 262.487610 0.000000 0.000000
315.120880 57.147003 0.000000 0.000000
267.208496 83.304832 0.000000 0.000000
222.103607 115.232559 0.000000 0.000000
268.271698 122.707169 0.000000 0.000000
212.552200 126.663704 0.000000 0.000000
235.404480 136.099136 0.000000 0.000000
242.260651 141.952057 0.000000 0.000000
218.723206 168.516357 0.000000 0.000000
218.723206 168.516357 0.000000 0.000000
199.072098 176.254379 0.000000 0.000000
173.685577 189.968552 0.000000 0.000000
189.927170 189.742416 0.000000 0.000000
226.503220 189.468903 0.000000 0.000000
134.535263 189.886276 0.000000 0.000000
266.419739 194.216751 0.000000 0.000000
201.869003 198.913513 0.000000 0.000000
209.644485 202.077454 0.000000 0.000000
311.884521 207.865738 0.000000 0.000000
254.473465 209.332886 0.000000 0.000000
290.034210 216.238083 0.000000 0.000000
174.579254 218.135864 0.000000 0.000000
174.579254 218.135864 0.000000 0.000000
264.846191 229.003754 0.000000 0.000000
196.761673 234.546829 0.000000 0.000000
233.173004 238.151031 0.000000 0.000000
233.173004 238.151031 0.000000 0.000000
240.199875 246.484344 0.000000 0.000000
261.562317 246.753616 0.000000 0.000000
261.562317 246.753616 0.000000 0.000000
301.784790 252.950104 0.000000 0.000000
249.421188 256.353760 0.000000 0.000000
222.521332 257.495941 0.000000 0.000000
282.614716 283.905182 0.000000 0.000000
272.571350 300.418884 0.000000 0.000000
263.282043 92.616631 0.000000 0.000000
260.704590 130.275345 0.000000 0.000000
265.183685 144.036423 0.000000 0.000000
247.778061 153.431259 0.000000 0.000000
286.505310 155.555054 0.000000 0.000000
161.980042 166.546112 0.000000 0.000000
202.437973 186.606644 0.000000 0.000000
226.478729 189.817917 0.000000 0.000000
223.981735 247.544815 0.000000 0.000000
305.038666 265.813232 0.000000 0.000000
266.320129 305.980377 0.000000 0.000000
193.156021 153.058380 0.000000 0.000000
193.156021 153.058380 0.000000 0.000000
312.694000 239.805206 0.000000 0.000000
285.877258 252.067474 0.000000 0.000000
249.394592 141.694916 0.000000 0.000000
230.328690 263.572937 0.000000 0.000000
208.839310 170.494003 0.000000 0.000000
208.839310 170.494003 0.000000 0.000000
327.538330 179.507126 0.000000 0.000000
263.172546 195.039108 0.000000 0.000000
263.172546 195.039108 0.000000 0.000000
299.052673 225.874329 0.000000 0.000000
215.169586 144.989090 0.000000 0.000000
201.399734 68.970886 0.000000 0.000000
121.816635 196.946289 0.000000 0.000000
224.192932 205.221024 0.000000 0.000000
224.192932 205.221024 0.000000 0.000000
148.364044 221.354401 0.000000 0.000000
291.220276 230.578781 0.000000 0.000000
258.351440 121.361305 0.000000 0.000000
258.351440 121.361305 0.000000 0.000000
272.229736 165.524902 0.000000 0.000000
272.183228 277.499207 0.000000 0.000000
272.183228 277.499207 0.000000 0.000000
314.450165 94.389465 0.000000 0.000000
333.059448 147.139847 0.000000 0.000000
205.498016 271.863647 0.000000 0.000000
154.828461 111.417625 0.000000 0.000000
249.559753 190.126862 0.000000 0.000000
